Andrea
Rustam
Dimitri
132634439
698358444
882175824
52288040
793615094
691216221
594919073
65887291
733882282
322069874
450488245
454985839
896088351
985308673
62992430
938955993
271272126
978970530
948535990
309557728
453035194
221896565
70709397
594245379
225337938
737277640
981525535
781249480
932440759
408413804
847930954
10801567
309846361
467311877
770034347
706165531
375176033
245720334
713973766
499066172
559176236
298153086
337539383
453032733
629279350
333865506
459134775
308525685
554132480
910101859
566339212
909972241
356030575
488640042
466524149
388632237
481912822
839977676
522959855
643503923
679141887
202945603
104082748
704144661
857326100
806272140
774456308
525481405
134220026
31314949
704733723
366349230
281760026
235287640
891353112
184574700
788653897
764132267
329407853
919135116
478080764
911787337
817415005
119318087
527529237
754277933
422052054
983474684
577688696
239254636
183091362
756118175
221664486
649548008
668384767
216587850
216378441
670650172
423895376
151627436
917631545
10381235
431270262
346764261
24283795
265187007
440471570
476222486
683812509
379721266
328835566
288504330
769036197
266069700
640190322
430402200
969015376
928115479
399912179
285347314
684299372
870596045
130110054
741745654
962500586
847589420
483005058
764347069
335981073
287435694
996881282
886506523
438319650
674414280
292355276
450535285
281300409
975114519
449316749
534298426
336283431
388989218
75417701
433735874
954625093
728886503
770062983
85631890
350111955
70613245
722121143